5 15 32 61 78 
11 12 21 64 87 
16 45 55 64 66 
20 51 55 68 74 
8 19 24 31 95 
25 40 49 58 97 
16 42 56 71 73 
14 38 50 68 82 
7 14 37 70 
17 39 50 75 79 
24 28 56 60 62 
2 8 10 20 27 29 31 79 80 99 
5 19 30 43 44 64 70 73 79 87 
0 6 18 39 55 70 71 79 89 98 
1 2 29 32 33 51 56 72 85 95 
16 17 24 26 45 55 70 71 79 
6 14 20 25 33 40 51 54 72 88 
9 30 32 43 46 78 86 93 99 
4 5 41 55 56 60 78 79 81 88 
10 12 22 29 39 44 47 48 83 91 
1 19 23 29 31 33 52 80 88 
11 20 21 26 28 56 68 73 82 86 
19 39 43 57 58 69 85 92 
5 18 28 31 44 53 60 83 90 93 
18 42 54 66 70 77 85 88 96 98 
3 24 34 42 47 58 75 90 94 98 
22 40 45 46 60 62 73 76 81 98 
6 16 20 27 39 54 62 81 96 98 
19 27 34 42 48 58 67 74 84 98 
24 43 61 68 70 81 82 97 100 
4 41 53 65 66 68 82 88 93 
2 12 21 29 51 62 68 76 83 
22 29 38 40 41 45 47 55 59 72 
10 15 24 26 51 61 64 65 66 
2 3 12 15 26 28 31 57 94 95 
34 43 44 46 55 61 74 76 84 85 
2 17 25 29 35 52 83 87 99 
2 15 16 22 30 41 45 61 62 77 
14 21 23 46 47 48 52 64 81 88 
4 5 16 28 35 45 53 75 77 91 
10 30 33 41 55 58 62 83 96 98 
4 26 30 40 41 55 69 77 91 96 
15 16 21 38 40 51 60 61 73 86 
13 19 23 25 44 49 60 62 63 94 
14 31 34 66 67 75 82 83 93 
7 15 38 42 43 59 76 90 
5 12 23 39 59 64 70 76 83 92 
17 49 50 52 70 72 76 78 90 93 
27 43 44 47 61 82 84 95 97 98 
7 8 17 19 33 61 66 75 78 92 
13 17 20 34 37 44 61 62 73 
4 15 21 25 37 49 80 86 98 
8 16 20 35 46 56 68 69 77 81 
16 22 36 47 48 50 61 74 87 91 
15 16 23 34 38 40 43 76 77 98 
7 22 35 42 44 49 51 64 91 99 
0 5 24 50 52 55 70 78 80 92 
2 4 9 35 43 52 78 94 98 99 
11 26 31 35 46 56 58 61 63 73 
2 17 26 30 34 41 61 62 95 
0 21 22 33 37 45 61 62 83 99 
3 10 32 33 43 45 55 64 68 99 
11 23 37 42 56 88 90 98 99 
4 5 7 41 63 64 70 72 73 78 
0 3 5 9 21 25 30 71 75 88 
2 8 10 11 25 26 32 80 82 92 
3 13 21 25 31 38 68 81 96 100 
10 20 49 64 67 71 75 92 96 97 
7 9 12 15 35 43 62 82 92 98 
13 14 26 47 51 59 62 64 66 78 
1 6 10 14 21 23 24 48 58 86 
11 14 16 20 28 69 73 79 84 97 
24 26 28 39 40 41 42 78 90 
0 20 37 46 47 52 56 71 78 85 
16 51 52 60 64 67 69 74 86 96 
3 4 47 59 62 76 83 87 
24 27 28 37 48 53 61 85 89 
5 11 23 25 34 37 40 76 94 97 
19 23 29 40 50 54 56 61 62 98 
3 15 30 34 46 53 56 67 69 76 
4 15 22 51 57 65 76 87 90 93 
14 22 23 27 40 52 55 62 68 
14 30 32 33 40 62 77 89 
32 33 38 51 58 61 81 90 98 
17 21 32 40 45 51 68 75 89 
2 14 28 32 35 41 45 71 73 82 
5 20 25 38 39 51 59 64 71 
9 11 26 29 42 45 48 57 71 92 
52 58 70 71 72 74 76 97 98 
26 34 37 41 44 58 71 76 92 
11 15 21 22 28 46 51 56 61 65 
2 11 23 40 49 56 62 70 85 87 
7 9 12 36 49 62 76 87 90 95 
5 35 44 53 61 62 64 88 97 99 
3 9 42 52 64 73 95 96 99 100 
0 5 26 27 30 38 39 59 65 92 
0 2 21 23 33 63 70 92 94 99 
12 14 18 22 36 39 46 53 79 93 
1 19 24 30 47 66 75 82 87 
15 17 25 28 52 58 61 63 87 98 
5 14 20 60 64 67 71 86 87 98 
21 46 49 55 56 58 60 65 73 90 
3 21 27 39 63 64 87 89 94 99 
0 17 21 33 35 44 71 94 96 
12 17 20 23 31 43 83 95 98 100 
5 7 10 15 56 78 82 89 90 
11 54 55 65 76 77 83 89 
9 20 24 30 35 39 61 81 90 
0 6 24 43 45 53 70 76 81 85 
1 8 10 23 36 43 46 54 65 73 
9 28 33 44 53 55 64 68 95 97 
3 7 15 27 45 49 54 55 65 74 99 
9 19 20 28 40 41 58 70 73 86 
41 42 45 46 60 69 75 79 82 98 
13 18 36 51 55 62 71 72 75 86 97 
9 12 33 65 67 68 71 74 76 87 100 
13 16 19 20 37 42 51 54 63 73 
10 11 19 23 26 37 45 59 65 83 98 
25 37 39 41 51 82 83 85 98 
20 22 51 58 70 72 75 76 82 87 
9 14 15 18 40 57 62 71 73 91 98 
2 12 14 22 23 39 44 45 71 73 100 
1 8 18 33 42 53 55 61 77 80 90 
16 26 30 38 44 62 74 86 87 92 
16 22 39 43 47 88 94 98 100 
5 46 48 51 57 59 63 72 77 92 94 
10 16 20 39 49 60 75 87 89 95 
12 19 24 34 38 39 42 73 80 96 
14 16 21 23 61 67 82 83 91 97 
2 22 36 42 44 51 55 76 80 82 85 
6 12 15 27 30 41 45 84 89 91 
12 13 38 40 52 57 73 76 78 
12 16 18 24 27 44 66 69 79 89 96 
15 27 34 46 51 57 60 72 74 82 99 
1 12 17 45 50 52 58 71 74 85 
35 39 50 57 69 84 87 98 
11 17 27 35 46 59 62 68 71 83 92 
12 14 21 22 33 35 55 58 69 81 90 
10 14 32 46 52 59 60 65 72 98 99 
15 19 28 35 38 51 71 75 89 91 
4 11 35 36 42 64 75 80 82 92 94 
3 39 45 52 55 59 64 67 82 95 99 
1 2 8 14 15 43 53 57 64 77 92 
5 18 20 27 62 73 77 86 96 99 
4 10 11 19 29 35 71 75 78 95 97 
0 10 47 55 58 67 78 91 94 98 
4 13 16 22 25 66 81 86 94 95 
14 21 35 45 62 70 71 80 82 83 90 
1 10 28 32 54 57 68 71 73 80 86 
2 6 15 21 43 44 48 60 93 96 
10 11 20 24 33 39 41 42 48 58 82 
6 8 10 13 20 25 57 58 70 75 87 
3 18 47 65 78 83 86 89 91 98 99 
1 2 11 37 45 48 52 54 59 64 93 
1 3 14 35 36 52 59 73 78 83 85 
4 7 26 36 37 41 51 73 74 81 93 
6 10 11 14 16 32 35 49 74 80 99 
6 14 33 40 50 57 61 62 72 74 78 
46 47 48 53 57 60 67 72 75 91 98 
5 6 10 15 38 57 58 68 78 82 94 
2 18 28 33 49 50 60 71 78 91 94 
5 25 33 37 44 48 52 77 79 86 
3 23 28 38 46 62 69 74 76 82 86 
7 17 25 35 41 44 45 57 60 84 
3 4 36 50 51 79 84 89 91 92 
4 33 41 49 51 58 64 70 73 74 84 
1 7 11 19 43 59 70 75 78 92 
5 19 34 35 42 45 61 69 86 88 
31 43 53 56 58 69 71 93 95 
3 14 29 37 49 59 77 79 82 86 98 
1 21 25 51 60 71 75 80 82 95 
6 20 21 48 52 65 67 80 91 95 99 
9 12 38 39 63 86 89 93 94 
2 18 22 24 29 40 47 53 61 63 
4 6 7 11 14 16 32 52 60 88 99 
2 32 39 41 53 64 73 79 84 87 98 
9 13 18 20 25 35 43 58 64 66 
1 15 21 25 34 36 45 63 65 71 79 
1 13 50 52 68 75 85 92 94 
9 19 22 57 64 72 75 81 82 95 
6 10 20 37 40 47 61 73 87 89 
8 12 26 33 34 40 51 65 66 91 97 
1 5 23 53 56 60 65 73 78 87 99 
3 15 40 41 49 57 66 76 88 89 
11 14 20 33 46 49 54 78 83 84 100 
15 22 27 28 29 36 42 47 74 92 94 
0 22 34 41 47 53 69 71 79 90 
14 25 31 34 37 39 42 45 70 82 92 
9 13 16 23 55 61 63 65 70 80 98 
12 22 26 33 54 58 65 82 85 99 
3 18 26 28 41 52 56 59 69 80 
5 6 10 45 57 74 75 92 99 100 
6 25 65 69 75 76 79 84 95 
10 13 17 18 20 49 59 65 71 74 
7 9 21 32 37 47 51 53 65 77 
35 37 46 48 51 53 63 68 82 83 88 
8 16 32 45 51 55 62 71 75 82 
17 37 41 42 47 59 77 84 88 92 100 
7 9 32 34 41 43 45 64 70 76 
30 38 43 54 68 70 72 76 79 90 
17 26 52 56 75 77 78 88 93 98 
3 4 29 30 31 32 36 65 73 89 
17 23 32 37 47 49 68 80 86 91 92 
19 41 42 61 65 67 71 78 86 95 
0 9 13 17 29 37 38 54 66 82 99 
7 23 34 43 58 63 72 77 81 92 
1 22 43 49 60 78 84 88 90 92 
23 33 41 48 49 55 58 73 75 92 
2 7 17 31 46 52 78 80 81 95 98 
20 23 29 37 46 50 57 90 92 
1 11 22 40 53 66 72 76 87 90 
0 1 5 7 27 36 37 41 79 80 94 97 
9 13 24 33 36 39 58 67 77 79 90 98 
1 8 17 29 33 34 63 75 81 85 90 
6 9 18 20 24 27 31 54 62 68 69 100 
1 4 19 22 37 49 55 70 84 94 96 
16 25 39 53 63 69 78 84 91 94 98 99 
0 2 13 17 40 45 46 49 52 63 76 
3 6 7 9 18 38 56 58 64 72 85 93 
23 28 30 44 52 72 73 78 92 98 99 
14 18 25 26 27 46 54 71 86 89 96 
0 2 7 33 41 43 52 57 58 74 76 84 
1 3 13 23 25 26 41 51 52 72 77 98 
7 9 25 33 35 38 67 68 74 90 91 96 
2 6 10 12 26 67 78 80 90 96 
1 11 13 15 28 40 43 46 47 92 96 
6 14 17 24 27 34 44 47 55 72 91 
17 26 55 75 76 77 78 84 89 92 93 
1 6 22 62 63 72 78 82 87 90 95 
7 25 35 37 46 50 83 88 91 97 
3 16 41 49 50 52 56 58 71 82 89 98 
8 12 18 25 40 53 56 58 64 71 90 99 
5 15 29 31 35 46 53 54 74 78 84 
1 13 20 32 48 49 58 61 63 87 91 
1 10 11 17 56 57 61 73 77 81 86 93 
8 25 31 38 62 79 89 90 92 96 
8 13 19 46 64 65 74 76 78 92 93 
10 18 37 44 50 54 64 65 67 72 81 95 
2 24 26 29 34 35 42 48 61 62 64 87 
7 11 24 41 68 80 85 92 94 95 
11 14 15 20 25 34 49 56 63 85 99 
1 7 11 22 23 30 39 48 70 82 87 94 
0 4 6 26 35 42 43 60 71 77 80 91 
2 11 25 27 30 35 40 46 49 66 77 79 
1 3 13 22 23 25 42 68 86 90 96 
12 38 45 46 48 56 57 58 84 86 97 
17 23 29 37 45 53 57 63 65 74 83 94 
5 13 14 23 25 27 33 43 49 58 68 70 
8 16 38 46 48 53 62 74 81 83 94 98 
3 13 27 35 37 42 51 59 76 82 96 99 
10 35 37 41 59 60 66 69 72 75 85 
4 9 13 15 22 42 44 51 52 79 95 
2 5 9 18 19 32 33 37 42 60 99 100 
1 7 21 25 53 56 57 61 67 72 73 
9 13 15 28 34 36 45 48 51 59 62 84 
9 29 32 33 34 35 41 50 55 71 76 77 
1 3 4 17 27 33 53 60 88 94 
10 30 34 59 60 64 73 79 88 94 98 
31 42 48 62 64 67 83 84 85 94 99 
12 17 33 38 42 46 50 57 73 75 77 91 
8 25 31 37 50 51 56 78 80 90 91 
17 21 31 36 53 60 64 68 88 93 99 
11 15 20 30 38 40 49 63 75 81 99 
8 10 23 29 31 39 44 46 76 
5 25 31 33 37 54 55 66 74 92 96 
11 32 34 44 45 66 67 71 81 85 95 99 
7 12 30 31 35 42 48 55 63 78 80 91 
1 15 22 32 45 51 58 69 76 83 84 85 
1 10 14 15 53 61 65 67 74 76 87 96 
3 7 10 40 46 54 65 66 92 99 
12 13 26 27 28 29 40 55 62 63 77 85 
4 26 28 29 31 32 41 75 81 88 89 
2 17 19 21 32 42 54 63 66 90 97 
1 10 17 24 25 30 46 55 68 72 75 97 
3 11 33 43 55 62 66 67 84 93 
5 10 11 34 36 52 77 78 87 92 94 
1 15 18 20 50 57 69 72 86 88 97 
0 6 7 14 45 48 58 64 74 88 
12 18 19 46 59 63 73 74 75 91 92 99 
2 9 19 20 25 40 50 57 63 69 99 
13 26 32 34 43 48 49 60 64 66 72 93 
13 18 33 44 51 62 72 75 96 98 
10 18 27 34 50 57 61 65 74 94 98 
21 22 23 26 31 32 41 45 70 85 86 96 
4 6 19 30 36 38 52 69 81 85 92 95 
4 18 29 30 31 38 57 69 80 81 99 
31 38 40 43 44 47 68 71 82 90 
7 8 30 35 43 46 76 79 83 89 98 
4 8 9 22 38 56 63 72 80 85 87 91 
6 10 14 24 25 61 66 71 89 90 96 
3 16 20 27 29 52 68 88 92 97 98 
0 19 27 47 48 51 54 62 75 85 98 
8 9 29 48 53 59 70 71 77 84 86 90 
5 6 10 33 43 48 63 74 76 90 93 96 
5 7 11 18 27 29 30 39 41 65 79 93 
12 27 32 36 38 45 50 51 63 70 81 83 
1 4 6 9 20 22 46 48 52 54 
1 2 33 57 58 70 77 79 81 87 
2 5 15 24 52 54 75 76 80 93 98 
10 15 16 22 24 28 39 41 47 78 86 98 
11 12 18 35 63 68 79 83 85 89 95 96 
1 4 9 39 47 55 69 75 81 82 
5 6 12 14 15 18 39 45 53 61 75 
12 20 29 41 45 58 66 74 75 86 88 98 
28 29 35 58 65 70 76 78 86 87 89 94 
0 5 8 58 62 66 84 93 94 97 100 
4 6 9 10 12 14 24 30 31 64 85 95 
14 18 28 30 61 63 64 70 74 92 99 
3 15 22 26 41 42 48 49 80 84 
1 16 21 29 43 52 64 65 72 95 
10 21 31 53 56 81 82 83 85 86 93 94 
30 42 52 56 59 63 73 87 89 
7 24 60 68 70 79 85 93 97 
1 3 7 22 35 66 81 84 96 
14 22 30 44 61 92 94 96 100 
8 15 23 31 49 65 66 70 97 
1 2 12 19 58 63 84 92 94 
5 17 41 42 54 58 66 89 90 
4 24 29 51 69 76 78 82 95 
1 23 24 29 40 72 82 84 94 
23 31 39 50 56 77 78 95 100 
30 37 40 42 50 56 58 86 94 
16 31 32 38 69 70 75 94 98 
32 38 43 46 66 86 89 96 
18 36 38 68 86 91 96 
10 14 27 29 34 35 64 66 87 
13 14 16 43 86 93 95 97 98 
1 16 24 34 46 68 72 93 94 
1 5 13 28 51 59 62 72 94 
11 12 39 45 52 59 67 81 96 
6 18 19 38 58 60 68 83 88 
8 12 23 25 28 54 61 63 90 
14 27 35 37 42 70 80 96 97 
3 5 36 44 49 50 59 72 73 
16 18 22 24 27 36 63 88 98 
22 34 46 57 64 68 74 96 100 
22 27 42 54 64 77 80 82 
9 16 27 55 57 59 63 73 
0 11 19 29 44 61 73 78 80 
8 23 45 52 71 77 83 85 98 
0 28 41 58 64 68 75 89 91 
26 29 33 41 43 80 81 89 98 
2 30 53 57 63 73 83 87 97 
24 29 50 70 75 83 96 97 
5 25 28 34 38 56 64 90 99 
5 53 61 64 65 66 77 84 
12 20 42 44 67 84 87 93 97 
16 23 37 48 62 67 84 87 91 
16 19 36 42 58 79 89 90 
15 19 20 23 49 53 93 94 96 
7 21 30 33 46 70 85 90 97 
4 12 31 34 37 66 77 81 98 
7 35 46 63 66 70 76 97 99 
4 7 14 18 28 78 83 96 
9 13 26 30 33 49 81 96 97 
1 25 44 63 73 77 90 96 
9 34 41 44 50 77 80 82 83 
5 7 20 29 49 59 70 73 78 
11 23 34 38 52 75 86 92 
14 26 34 44 49 63 86 87 93 
29 45 48 55 66 90 93 94 100 
4 37 59 80 81 93 94 96 100 
33 45 68 70 71 78 86 88 91 
13 14 23 24 35 43 59 64 86 
16 19 34 69 74 76 80 96 
10 12 13 37 43 47 74 90 
31 38 56 60 61 68 69 78 83 
8 17 24 34 37 43 47 58 69 
15 19 27 43 50 58 82 86 90 
1 8 43 69 72 74 77 100 
2 10 31 44 47 52 66 83 85 
6 16 18 28 32 49 52 54 74 
11 27 37 52 54 58 59 61 67 
24 35 38 39 64 68 78 99 100 
1 5 47 53 66 68 69 81 84 
25 38 39 41 53 58 65 66 79 
12 20 46 49 55 59 75 87 88 
8 19 25 35 37 57 83 94 99 
13 14 15 19 29 41 62 75 97 
24 38 53 61 69 77 86 87 99 
13 15 18 21 50 53 60 75 95 
6 21 50 60 85 86 90 95 
1 11 30 35 49 51 56 67 86 
4 20 29 35 36 66 77 82 98 
10 11 35 38 49 50 52 66 
4 6 8 18 53 56 79 90 96 
17 23 26 27 39 56 63 87 
2 6 7 20 23 44 55 87 99 
4 17 18 42 50 70 75 76 
16 22 28 39 51 52 74 98 99 
10 13 32 38 44 45 63 88 92 
2 29 37 50 52 81 84 94 
28 30 33 37 56 58 64 83 88 
26 28 41 45 50 55 69 97 
5 13 22 36 42 50 74 76 
10 16 26 30 47 56 61 71 83 
3 4 60 64 78 82 83 93 
3 7 8 18 55 71 81 83 96 
6 30 36 43 47 59 69 76 82 
21 22 26 29 31 39 55 91 92 
11 16 22 33 37 51 76 85 91 
15 29 46 55 63 68 78 79 86 
21 28 70 73 76 79 81 98 
3 18 27 34 47 52 59 76 
1 3 4 11 37 41 49 60 90 
30 42 57 68 76 84 90 99 
10 12 31 41 43 63 69 82 
12 29 35 45 49 59 70 75 81 
11 12 16 18 22 26 42 75 93 
4 15 31 35 44 51 55 89 
7 13 34 56 59 90 98 
2 27 37 53 64 73 85 90 
15 22 35 63 68 73 86 97 
2 11 14 25 29 30 43 65 
3 7 10 15 63 88 
15 22 48 51 58 67 92 
28 50 53 56 61 64 98 
26 43 50 63 78 95 99 
0 4 28 41 43 48 88 
10 11 17 25 30 65 84 93 
2 8 9 44 71 81 
11 13 39 49 67 91 97 98 
1 2 34 44 47 71 78 89 
5 11 12 17 24 35 65 87 
28 29 55 65 83 86 98 99 
1 3 7 13 47 51 52 
5 9 33 43 55 80 97 
4 5 22 45 63 71 75 78 
1 7 8 34 57 70 76 81 
3 4 10 27 28 32 53 83 
13 38 62 87 89 91 95 
13 37 39 51 66 82 96 99 
2 4 15 36 48 68 82 83 
12 33 34 48 49 52 82 90 
6 32 42 56 71 83 92 96 
8 14 20 32 44 75 77 
2 9 19 43 48 57 67 74 
20 28 43 48 51 71 80 89 
14 22 26 64 71 86 96 
3 12 28 52 58 71 75 90 
3 5 34 36 72 75 83 97 
3 17 29 64 70 85 90 99 
1 3 6 8 23 24 65 72 
9 12 21 27 44 64 65 81 
3 11 26 43 44 65 74 77 
11 12 25 35 48 72 83 90 
27 42 52 53 56 61 62 64 
10 19 34 60 64 69 92 
8 26 54 62 63 67 96 
11 23 52 71 75 80 95 98 
15 40 55 60 61 77 83 
2 18 26 37 46 59 87 88 
0 2 24 30 32 71 89 97 
8 29 40 48 68 82 94 
3 24 31 47 54 75 86 
5 13 40 66 83 87 
2 23 25 54 55 59 87 89 
4 15 28 34 50 75 85 87 
7 11 17 60 76 79 84 
16 20 54 72 94 95 96 97 
7 13 32 47 50 54 62 67 
10 11 23 28 44 80 81 99 
7 17 39 40 48 52 89 
9 10 22 57 64 69 89 98 
1 3 5 10 24 54 83 89 
3 6 8 35 53 60 62 88 
2 28 42 48 50 52 99 
0 11 20 30 31 36 37 77 
0 7 12 15 43 60 66 85 
18 19 25 35 39 69 73 75 
23 48 52 65 66 74 84 91 
29 31 36 57 59 73 97 
22 39 48 75 84 87 96 100 
11 13 38 42 44 47 70 89 
4 33 37 44 48 51 55 
6 36 63 65 70 79 81 99 
18 20 23 50 65 69 71 
34 47 48 52 59 65 79 96 
1 6 14 23 29 33 88 95 
0 4 13 31 41 64 80 89 
8 12 16 24 26 63 74 95 
3 57 69 71 83 87 99 
4 17 36 81 90 91 94 98 
7 25 35 43 73 78 89 99 
3 19 23 29 40 53 54 86 
9 23 27 30 33 37 46 
9 57 58 67 73 76 93 99 
28 33 54 58 59 61 74 
3 5 17 20 27 38 42 60 
8 9 15 19 36 67 88 91 
0 1 11 32 48 61 66 85 
7 17 44 45 74 84 93 96 
1 5 7 18 26 37 41 76 
3 23 44 51 59 71 88 89 
11 27 57 62 65 77 78 98 
19 33 34 35 48 57 66 85 
36 40 57 58 74 95 97 
15 28 32 55 59 60 75 95 
22 24 37 50 59 79 
21 40 45 61 70 78 95 
3 5 6 35 51 68 69 90 
15 20 26 49 53 75 80 95 
6 16 29 34 54 55 60 66 
0 7 13 14 18 68 90 94 
12 39 47 69 78 83 93 94 
17 26 39 41 69 78 99 
3 19 20 30 57 73 86 
2 3 23 28 31 40 46 62 
50 59 64 67 72 78 82 84 
15 33 35 46 59 71 79 82 
18 49 66 69 73 74 78 88 
3 18 31 32 48 82 
13 16 30 53 57 60 98 
1 11 14 15 59 70 99 
1 5 19 45 53 64 90 
18 23 32 71 95 96 99 
0 4 18 24 51 56 81 
0 17 44 73 75 89 
21 24 33 50 55 63 97 
24 51 59 63 66 73 85 
13 15 25 44 46 76 95 
5 6 39 41 53 79 99 
12 29 30 64 76 82 87 
2 36 44 51 59 60 68 
16 17 18 23 43 78 100 
10 15 19 51 58 61 92 
0 23 24 53 62 77 79 
2 26 31 35 59 61 80 
3 14 16 55 67 85 94 
26 34 48 60 61 84 86 
21 42 60 74 76 96 97 
2 12 32 43 57 64 92 
29 32 77 80 82 84 
3 8 17 33 59 61 82 
6 18 27 32 37 74 90 
0 38 64 66 74 99 100 
1 26 27 30 64 76 85 
12 28 30 33 57 59 94 
43 46 59 60 64 81 95 
8 26 52 54 68 80 84 
12 50 59 70 75 79 
5 18 32 35 65 72 82 
14 16 35 47 50 53 86 
2 15 16 41 56 68 87 
15 17 28 40 68 78 
2 13 26 28 31 42 74 
11 48 54 60 64 78 89 
11 24 29 61 69 70 83 
6 23 34 62 74 76 79 
16 25 32 57 69 79 84 
27 33 44 59 63 73 75 
3 13 24 41 47 66 89 
15 19 30 35 36 41 58 
3 5 16 17 21 33 78 
12 26 32 39 44 49 98 
4 15 36 41 42 89 98 
11 16 39 73 76 87 93 
12 53 70 80 86 95 
4 7 8 14 38 59 65 
3 19 27 45 54 59 67 
1 31 40 56 58 67 95 
0 25 46 49 51 76 78 
22 25 34 66 68 79 80 
3 35 53 78 89 96 
6 16 26 41 46 85 
3 35 46 52 68 98 
34 52 55 67 70 76 93 
11 21 36 38 76 77 86 
8 13 31 61 67 69 
28 35 47 57 58 90 
24 30 44 51 59 86 90 
14 53 62 78 79 91 94 
2 17 48 49 51 77 84 
28 30 43 91 92 96 97 
4 20 53 56 57 67 83 
4 12 43 56 75 87 
29 54 56 60 94 95 97 
8 14 21 47 55 88 95 
24 75 76 82 90 
2 6 11 32 48 60 95 
5 16 24 29 40 57 96 
6 11 15 17 27 75 96 
8 19 28 70 81 83 84 
9 20 26 52 62 69 73 
2 3 24 31 36 58 80 
4 20 21 59 60 85 92 
2 37 42 51 55 59 98 
16 21 51 71 82 90 
10 19 37 48 50 70 99 
8 24 26 47 56 73 78 
12 28 39 61 65 86 
2 32 49 59 66 70 99 
10 12 18 40 41 43 61 
7 48 68 79 89 90 
20 28 45 68 88 
10 14 29 53 71 78 100 
55 57 62 66 86 92 99 
9 33 41 47 48 59 66 
25 39 67 87 89 92 93 
8 9 13 56 69 77 98 
17 28 31 34 64 69 92 
20 29 41 79 93 97 
6 35 37 43 76 84 87 
48 53 61 69 79 97 
7 39 40 42 52 79 92 
25 30 36 41 60 71 72 
7 41 42 77 82 84 100 
2 5 6 19 39 50 53 
20 58 59 60 65 81 99 
19 31 32 36 61 65 
1 5 19 39 55 80 
22 27 34 42 92 99 
30 51 52 78 80 99 
26 39 62 85 93 95 
21 38 41 49 59 83 
1 4 36 43 44 
4 20 60 62 63 98 
17 37 66 68 72 94 
14 35 56 74 89 98 
22 46 64 92 97 98 
51 68 69 72 76 89 
12 20 53 55 90 
27 31 42 57 73 94 
13 20 23 34 74 75 
17 75 79 82 84 
1 4 20 65 69 100 
8 25 39 65 82 100 
22 31 40 91 94 95 
12 25 27 66 93 
10 27 33 44 63 74 
28 49 60 64 76 84 
1 2 55 68 78 99 
10 27 44 51 54 98 
30 44 53 69 73 82 
38 53 54 66 69 96 
23 27 53 59 64 95 
31 42 48 68 92 
19 62 64 79 84 
19 27 33 53 65 76 
24 31 51 66 85 89 
23 53 63 88 93 94 
8 12 44 64 75 99 
33 77 83 86 95 100 
12 33 45 88 89 100 
11 43 50 51 67 
5 55 58 74 84 96 
7 10 18 23 40 66 
6 17 20 24 66 72 
36 43 57 77 86 
4 27 55 61 75 80 
9 18 28 47 84 94 
24 25 27 55 59 72 
4 36 62 64 79 96 
32 43 44 51 73 83 
5 20 23 45 71 82 
5 11 23 66 77 
17 27 59 65 78 
13 17 32 50 59 60 
7 12 37 39 49 89 
19 22 28 74 82 86 
14 15 28 81 88 97 
40 42 54 67 87 
14 35 40 70 73 87 
9 22 42 52 64 100 
40 45 64 67 75 98 
29 43 51 65 93 94 
16 17 24 36 96 100 
8 25 31 89 95 96 
19 36 60 62 80 90 
30 45 57 68 69 70 
38 60 68 76 84 99 
32 36 39 73 92 99 
0 1 12 46 82 86 
36 51 62 84 86 89 
2 3 13 18 56 71 
23 46 58 72 82 94 
7 38 54 61 77 93 
11 13 27 29 70 78 
1 12 60 62 76 87 
17 27 41 44 62 67 
1 20 25 46 68 
15 30 43 63 88 91 
6 29 55 74 76 78 
13 31 34 57 78 87 
24 32 48 81 89 98 
38 41 47 57 70 89 
8 13 23 59 82 93 
2 34 35 43 48 86 
11 15 20 55 73 90 
3 22 38 41 76 98 
13 17 22 24 26 53 
2 10 30 72 76 94 
1 8 44 53 77 86 
0 51 52 73 81 92 
24 27 29 53 67 76 
12 18 34 44 87 97 
1 26 47 68 84 95 
30 41 51 85 86 94 
2 29 34 38 73 75 
36 41 44 52 54 66 
8 34 35 52 55 75 
0 43 49 50 54 63 
3 13 26 51 57 81 
14 19 20 55 84 90 
19 27 32 34 54 98 
2 42 52 58 71 97 
6 26 63 72 82 
17 57 69 78 85 95 
17 22 28 32 71 95 
3 28 36 43 48 67 
12 26 43 44 49 91 
13 35 79 
4 12 79 
29 68 96 
10 16 49 
6 25 73 
43 52 55 
7 25 48 
1 8 17 
6 18 65 
9 35 36 
17 49 82 
4 32 90 
18 70 89 
57 66 95 
8 52 70 
35 81 89 
12 18 54 
5 7 45 
45 48 83 
16 17 59 
45 49 86 
6 31 53 
5 13 93 
4 39 82 
71 87 91 
42 68 84 
71 93 99 
7 26 86 
2 3 
27 71 76 
10 31 38 
9 52 65 
22 50 60 
53 67 91 
2 72 98 
64 73 74 
19 36 49 
20 65 84 
11 38 93 
45 60 73 
32 37 92 
25 32 88 
50 63 93 
17 62 90 
28 42 100 
36 47 70 
50 67 
63 71 74 
2 41 54 
36 72 89 
43 52 
51 66 85 
3 60 65 
14 26 80 
14 27 65 
13 50 
3 60 63 
3 29 39 
11 63 90 
23 74 78 
0 12 83 
46 86 99 
20 25 52 
26 38 90 
15 25 42 
44 73 98 
15 65 84 
33 45 99 
27 29 76 
16 40 73 
31 57 61 
80 95 98 
13 22 84 
3 4 80 
13 41 93 
8 14 31 
11 75 83 
4 29 68 
10 32 95 
19 52 73 
21 25 61 
44 51 72 
13 25 92 
52 64 79 
22 45 55 
40 46 76 
35 44 88 
21 38 42 
3 83 
15 23 37 
64 66 84 
28 56 64 
9 35 100 
55 79 95 
28 81 94 
21 43 68 
47 67 88 
7 10 54 
40 54 78 
5 24 67 
14 35 37 87 
6 26 52 87 
36 55 75 89 
4 27 54 91 
21 81 97 
11 58 62 66 
10 30 49 63 
6 35 47 70 
31 37 44 73 
7 13 20 66 
8 58 61 67 
2 18 41 84 
2 16 37 69 
5 25 48 71 
10 18 34 37 
49 64 83 93 
42 47 70 
31 63 76 85 
40 81 94 96 
22 27 63 84 
1 6 22 68 
19 26 27 98 
39 40 70 85 
28 32 45 51 
15 39 84 97 
10 30 69 81 
36 67 72 100 
38 41 43 94 
31 53 59 64 
28 47 88 90 
14 19 62 78 
11 66 84 88 
12 19 63 81 
18 38 53 86 
26 42 52 69 
2 6 36 65 
6 29 44 45 
23 40 71 72 
16 41 62 89 
17 53 74 89 
24 30 32 
23 24 62 93 
36 45 77 97 
23 51 55 92 
1 14 79 91 
6 21 35 80 
27 29 63 97 
43 69 81 86 
23 52 92 99 
30 35 41 46 
40 47 51 95 
41 45 54 56 
35 40 43 74 
19 62 79 95 
48 75 78 84 
38 50 64 76 
22 33 63 79 
14 26 32 61 
19 20 46 66 
1 20 25 85 
19 43 53 92 
16 71 82 90 
10 44 62 63 
8 39 43 54 
9 17 72 94 
2 29 49 76 
9 20 62 84 
8 23 42 83 
34 36 52 69 
4 29 33 66 
26 39 40 83 
21 50 65 83 
5 26 41 61 
7 40 67 96 
55 73 77 90 
29 65 75 84 
28 35 51 91 
17 74 80 91 
49 67 79 100 
2 64 95 100 
47 71 90 93 
14 30 60 85 
55 58 60 82 
4 22 58 92 
23 24 58 71 
22 44 50 66 
10 40 47 54 
58 76 79 96 
56 63 82 88 
10 49 58 66 
12 14 16 98 
60 65 95 96 
3 30 71 79 
13 16 27 
12 48 62 96 
56 64 72 87 
56 71 87 
2 52 69 98 
15 17 29 65 
8 15 18 72 
4 13 17 35 66 
6 36 75 76 86 
7 17 29 72 
31 52 56 78 
5 43 50 57 81 
44 55 65 69 83 
12 54 67 70 85 
11 57 81 84 91 
41 62 79 96 100 
4 30 56 62 74 
9 15 21 40 69 
5 13 18 68 85 
26 29 47 57 66 
19 49 50 57 86 
29 30 53 80 95 
16 26 31 58 91 
8 15 35 45 94 
16 30 52 59 81 
2 28 49 95 
8 51 64 77 89 
13 35 43 72 74 
11 56 81 85 91 
37 85 90 93 96 
2 15 49 53 55 
18 23 27 37 45 
26 27 31 45 49 
6 10 43 44 78 
13 49 85 97 
44 45 46 53 81 
2 8 11 45 
9 11 24 56 78 
6 26 41 58 76 
1 5 27 28 41 
19 28 82 89 94 
28 55 60 84 90 
39 54 63 75 90 
33 35 48 75 85 
11 23 25 37 45 
6 24 38 52 62 
7 13 42 63 87 
15 50 52 77 80 
4 9 18 25 89 
16 31 49 57 81 
21 36 38 59 78 
2 39 54 71 73 
13 25 42 66 68 
12 20 23 56 92 
3 38 58 84 95 
2 34 41 44 76 
51 69 73 94 99 
23 25 26 44 64 
5 7 18 52 65 
12 40 52 57 62 
14 41 47 76 95 
20 53 69 81 84 
19 38 40 69 97 
6 65 67 72 86 
48 51 66 83 84 
10 36 58 59 87 
37 47 48 57 68 
11 24 31 50 89 
14 75 83 98 
8 28 60 75 91 
6 22 68 78 82 
19 48 92 93 
11 25 88 90 99 
2 13 42 79 90 
14 42 67 70 75 
4 20 21 83 99 
5 26 35 90 94 
16 44 52 66 70 
38 39 49 84 100 
31 59 67 69 73 
32 65 66 76 95 
32 40 64 80 90 
36 59 78 90 93 
4 14 84 85 95 
45 47 71 82 86 
43 46 49 78 100 
42 45 56 58 65 
38 46 54 96 
27 35 39 81 85 
4 35 73 77 92 
18 42 49 53 57 
2 41 68 95 98 
6 21 44 71 82 
14 23 28 78 86 
8 13 17 31 61 
3 76 83 93 100